94.625
94.0625
95.875
95
97
93.625
93.9375
90.13
91.4408
94.2495
94.6864
96.6214
98.1194
94.8113
92.8763
95.373
93.7502
93.8126
90.879
106.858
106.983
106.858
107.732
106.858
104.923
109.854
114.098
113.349
116.22
119.029
121.838
119.716
117.593
120.839
119.903
123.336
122.836
124.834
121.838
125.021
126.956
129.952
125.208
129.827
131.762
133.135
132.199
134.82
134.571
130.576
131.824
128.688
125.708
127.081
124.397
123.024
123.835
122.774
122.212
121.838
124.272
121.588
122.774
123.71
128.329
127.206
123.211
120.964
123.149
119.154
122.025
123.336
122.904
118.227
119.1
121.969
125.398
125.086
128.079
125.959
122.717
124.525
123.59
128.703
127.955
134.315
135.936
135.999
136.934
137.558
137.495
137.059
133.691
132.507
130.698
131.945
130.698
128.952
124.338
122.28
122.842
122.28
122.654
123.091
124.463
120.472
119.911
120.41
115.608
115.234
114.049
114.985
116.731
116.356
120.223
115.733
112.677
113.488
111.742
115.733
115.733
117.853
110.339
111.617
114.922
116.169
117.666
118.975
118.477
119.35
122.717
112.49
110.246
109.061
108.375
104.384
105.699
105.636
105.761
104.235
102.055
102.148
105.636
104.577
99.5323
96.9163
85.6426
84.5838
83.0889
84.8952
88.57
89.3798
89.6912
91.404
92.8366
93.1792
92.93
91.186
91.6532
88.1963
88.3209
88.9749
88.6323
85.8918
85.3623
84.4592
82.4038
83.2135
83.9921
88.5078
88.7258
90.1895
90.6878
88.6946
91.1238
90.4386
90.7812
89.1306
88.8815
85.2066
83.0889
83.5872
83.8986
84.5838
86.5146
86.5769
88.1652
88.6635
85.5181
86.8261
84.9575
85.9541
86.0786
88.9438
84.1478
81.0958
83.2135
82.6056
84.3784
87.2086
87.955
89.4479
91.1896
88.9192
88.7326
92.3715
90.5676
89.4479
98.0319
96.7879
95.6682
92.0293
89.8833
92.3092
92.0915
94.1753
93.3356
94.6419
93.9265
94.3619
91.0652
91.7494
92.9313
93.1179
94.1753
93.5222
92.0604
90.692
87.7684
85.3736
82.6367
81.7969
82.108
81.0505
83.6008
82.108
84.3162
83.6941
83.1965
81.7347
81.3615
83.3209
84.5339
82.1702
84.5961
82.9788
82.2324
82.8855
79.682
78.9045
79.1222
78.6246
79.3088
