76.5625
74.0625
76.1875
79.4375
79
80.0625
82.125
82.375
81.5625
79.75
77.47
75.9706
77.4075
72.1596
69.4106
71.4098
71.2224
73.4091
71.6598
69.9104
65.0998
69.3481
70.8476
73.3154
72.0971
76.6578
76.4704
75.6582
75.5957
76.9077
76.158
76.9702
74.9085
74.2837
75.1584
77.47
78.1572
75.6426
77.47
82.7804
81.9683
84.03
84.5922
82.593
82.9679
85.7793
84.3423
87.3412
87.716
85.9042
87.5911
89.2779
85.2795
83.4052
82.1557
82.2182
82.9679
81.0311
83.6551
83.0928
82.9054
79.9066
77.2826
78.4696
78.9694
78.5321
79.7191
75.9081
75.9706
71.7222
73.4091
71.5348
71.4098
72.7843
72.8793
71.2556
68.9449
69.4445
70.2564
67.5086
62.8248
64.1363
63.824
65.5102
64.8857
67.5086
67.0714
67.6335
67.9457
65.3228
65.3853
66.1971
65.6975
64.3236
63.824
63.4493
62.8248
59.4525
59.2027
56.9545
55.2683
55.0185
56.5173
55.643
56.7671
54.8936
57.9537
59.6399
55.643
54.3316
54.394
55.3308
53.0826
51.6462
53.3948
53.145
50.4597
51.896
50.647
54.0193
53.0826
51.6462
52.8328
55.8928
56.9545
57.6415
59.6399
58.8905
59.3901
57.9537
60.0146
62.4501
62.2628
60.5766
60.8889
59.6399
63.9489
61.6083
63.0439
61.1089
60.7344
61.1089
62.1701
64.3548
61.6707
61.421
58.3625
56.4899
55.4287
57.1765
58.3625
56.9268
60.4223
61.1713
65.3223
65.4471
65.9777
65.135
63.6681
60.3599
59.3612
60.7032
60.7032
58.2688
58.893
59.5484
57.2077
57.4886
59.4236
60.828
60.1726
60.1102
58.8618
59.0491
58.9867
58.3625
57.5822
59.7357
57.2389
56.6147
57.2701
54.8357
58.4561
59.8917
63.793
65.1038
67.0388
66.321
63.949
63.9802
62.2325
63.1064
63.1688
66.5394
64.3235
62.5758
65.9152
63.6993
64.9789
69.2547
67.1961
68.8183
70.3469
68.4751
66.2602
68.3503
65.1996
64.3261
66.6346
69.0055
69.567
67.5704
66.7594
69.3798
67.664
69.7542
64.7316
64.5132
64.638
61.5184
60.3018
59.1787
59.4907
60.4266
60.9569
62.3919
62.3919
59.4283
61.2377
59.8962
58.3364
56.9638
57.8685
55.6848
58.1181
57.2134
59.4907
59.9274
59.3659
58.0557
54.6553
56.6831
57.4006
53.7194
54.9049
54.7801
55.1233
56.6831
55.9344
56.3399
54.8425
54.1562
53.3451
