87.3125
87
89.1875
89.625
87.125
88.875
89.9375
91.5625
91.75
92
92.5625
92.375
92.5625
89.875
90.875
92.375
92.4375
92.6875
93.0625
92.25
86.3125
87.875
88.0625
90.6875
91.0625
92.5625
94.3125
94.9375
93.75
93.6875
91.8125
92.5625
89.9844
90.5625
89.5
92.125
91.4375
90.9375
91.1875
96.0625
94.625
97.5625
96.4375
94
92.625
95.0625
93.875
95
94.0625
92.25
94.25
95.875
91.8125
92.375
92.5625
92.25
93.25
94.625
95.3125
92.1875
86.4375
83.375
83.8125
85
84.5625
84.3125
84.6875
81.75
84.1875
82.9375
83.8125
85.125
85.75
84.9375
84.75
84.8125
85.8125
86.9375
90
88.8125
87.625
90.25
91.0625
94.6875
93.3125
98.375
99.4375
94.375
94.9375
93.625
94.1875
93.25
92.5625
92.3125
89.5625
92
91.1875
90.1875
88
86.75
84.9375
84.625
86
86.5
88.9375
85
82.875
81
77.6875
77.5625
78.125
79.875
82.3125
79.375
80.25
79.5625
76.375
78.4375
78.5
80.6875
78.375
78.5
76.25
77.25
77.5625
78.4375
79.3125
78.6875
79.125
76.875
79.125
80.5
79.875
79.6875
79.0625
77.9375
79.125
78.0625
79.875
81.3125
82.0625
82.125
84
88
86
84.9375
82
83.125
81
86.625
88.875
85.875
90.125
93
94.25
94.5625
93.3125
94.0625
94.9375
92.6875
89.625
93
92.375
89.0625
89.9688
85.625
83.2812
86.4062
85.5938
86.2188
83.5625
84.5312
82.9375
80.0938
80.7188
80.6875
80.9062
79.5
77.4688
76.125
74.8125
74.2812
75.875
75.0625
76.75
76.4375
77.7188
74.4062
73.875
72.875
75
78.125
78.875
81.375
80.3125
80.0312
82.625
80
79.5312
83.4062
83.8125
86.4688
87.5
87
84.3125
85.7812
80.9375
78.125
79.1562
81.3125
77.8125
74.875
70.875
71.9062
71.0938
73.75
74.9375
75.25
75.625
73.25
70.5
69.3438
69.5
70.25
71.1875
70.875
71.7812
69.2188
70.2188
68.9062
67.1875
66.875
65.9375
63.9688
67
65.7812
66.8125
65.5938
66.7812
63.6875
61.0625
63.375
64.75
61
64.0312
62.125
60.8438
59.5938
56.8125
55.875
54.875
55.9375
54.4062
